1736168787996 0 18
1736168827089 1 37
1736168842313 2 49
1736168856361 2 56
1736168896086 3 75
1736168928920 4 94
1736168938496 5 99
1736168958174 5 113
1736168986384 6 132
1736169015676 7 149
1736169024184 7 151
1736169052855 8 170
1736169091508 9 189
1736169105978 10 199
1736169121647 10 208
1736169164042 11 227
1736169197888 12 246
1736169206502 13 249
1736169227289 13 265
1736169259912 14 284
1736169275767 15 299
1736169288816 15 303
1736169318023 16 322
1736169347154 17 341
1736169357659 18 349
1736169376439 18 360
1736169409354 19 379
1736169439079 20 398
1736169446883 21 399
1736169468269 21 417
1736169500730 22 436
1736169517824 23 449
1736169531024 23 455
1736169566004 24 474
1736169594602 25 493
1736169605653 26 499
1736169624928 26 512
1736169656291 27 531
1736169677212 28 549
1736169685250 28 550
1736169722279 29 569
1736169752125 30 588
1736169767280 31 599
1736169782374 31 607
1736169811141 32 626
1736169839456 33 645
1736169848169 34 649
1736169868192 34 664
1736169897189 35 683
1736169919311 36 699
1736169928633 36 702
1736169959864 37 721
1736169991295 38 740
1736170005658 39 749
1736170022758 39 759
1736170052851 40 778
1736170082277 41 797
1736170090796 42 799
1736170111799 42 816
1736170142202 43 835
1736170158364 44 849
1736170172154 44 854
1736170201077 45 873
1736170230389 46 892
1736170240288 47 899
1736170262870 47 911
1736170301155 48 930
1736170323402 49 949
1736170332042 49 949
