1736168842313 0.11971686780452728 49
1736168938496 0.22859033942222595 99
1736169015676 0.2434937208890915 149
1736169105978 0.27917948365211487 199
1736169206502 0.3199272155761719 249
1736169275767 0.32972270250320435 299
1736169357659 0.35160836577415466 349
1736169446883 0.3688197731971741 399
1736169517824 0.36604177951812744 449
1736169605653 0.38320571184158325 499
1736169677212 0.38227295875549316 549
1736169767280 0.4006057381629944 599
1736169848169 0.3963088393211365 649
1736169919311 0.40471798181533813 699
1736170005658 0.40839463472366333 749
1736170090796 0.41239142417907715 799
1736170158364 0.41121846437454224 849
1736170240288 0.41399332880973816 899
1736170323402 0.42051947116851807 949
