1736168842313 2.2908752725925297e-05 49
1736168938496 2.1873711375519633e-05 99
1736169015676 1.9549393982742913e-05 149
1736169105978 1.976273415493779e-05 199
1736169206502 1.9784507458098233e-05 249
1736169275767 1.9050808987230994e-05 299
1736169357659 1.8755885321297683e-05 349
1736169446883 1.8331180399400182e-05 399
1736169517824 1.825430263124872e-05 449
1736169605653 1.8335234926780686e-05 499
1736169677212 1.8276983610121533e-05 549
1736169767280 1.8771028408082202e-05 599
1736169848169 1.8129028831026517e-05 649
1736169919311 1.77791098394664e-05 699
1736170005658 1.7424552424927242e-05 749
1736170090796 1.7854614270618185e-05 799
1736170158364 1.7000420484691858e-05 849
1736170240288 1.7695632777758874e-05 899
1736170323402 1.7820475477492437e-05 949
