1736168842313 0.3120562434196472 49
1736168938496 0.35404327511787415 99
1736169015676 0.4361388087272644 149
1736169105978 0.4656064212322235 199
1736169206502 0.4943762421607971 249
1736169275767 0.5018077492713928 299
1736169357659 0.5125336050987244 349
1736169446883 0.5312876105308533 399
1736169517824 0.5390019416809082 449
1736169605653 0.5479230880737305 499
1736169677212 0.5517815947532654 549
1736169767280 0.5581343770027161 599
1736169848169 0.5635290145874023 649
1736169919311 0.5643060803413391 699
1736170005658 0.566435694694519 749
1736170090796 0.5734127163887024 799
1736170158364 0.5739614963531494 849
1736170240288 0.5744004249572754 899
1736170323402 0.5767563581466675 949
