1736168842313 0.1483696550130844 49
1736168938496 0.23853591084480286 99
1736169015676 0.28576022386550903 149
1736169105978 0.3254556953907013 199
1736169206502 0.3624922037124634 249
1736169275767 0.373333215713501 299
1736169357659 0.388364315032959 349
1736169446883 0.402538537979126 399
1736169517824 0.41283535957336426 449
1736169605653 0.4307442009449005 499
1736169677212 0.4268268942832947 549
1736169767280 0.44524866342544556 599
1736169848169 0.4431164860725403 649
1736169919311 0.45081835985183716 699
1736170005658 0.4565074145793915 749
1736170090796 0.45888710021972656 799
1736170158364 0.4600318372249603 849
1736170240288 0.46009668707847595 899
1736170323402 0.4646659791469574 949
