1737023793787 0 18
1737023852115 1 37
1737023886430 2 49
1737023910733 2 56
1737023968866 3 75
1737024028017 4 94
1737024046322 5 99
1737024085521 5 113
1737024143399 6 132
1737024187447 7 149
1737024200444 7 151
1737024257934 8 170
1737024317275 9 189
1737024346507 10 199
1737024374651 10 208
1737024434567 11 227
1737024491923 12 246
1737024509463 13 249
1737024553562 13 265
1737024610703 14 284
1737024650790 15 299
1737024670799 15 303
1737024731285 16 322
1737024791647 17 341
1737024816287 18 349
1737024849226 18 360
1737024906818 19 379
1737024964184 20 398
1737024973608 21 399
1737025021164 21 417
1737025078685 22 436
1737025114471 23 449
1737025136393 23 455
1737025196965 24 474
1737025257180 25 493
1737025277657 26 499
1737025317614 26 512
1737025374845 27 531
1737025421172 28 549
1737025432207 28 550
1737025491813 29 569
1737025549105 30 588
1737025580134 31 599
1737025606262 31 607
1737025663560 32 626
1737025721676 33 645
1737025737614 34 649
1737025778744 34 664
1737025835633 35 683
1737025877959 36 699
1737025894310 36 702
1737025955500 37 721
1737026012787 38 740
1737026039828 39 749
1737026073259 39 759
1737026134513 40 778
1737026196046 41 797
1737026207595 42 799
1737026253977 42 816
1737026314547 43 835
1737026352470 44 849
1737026375062 44 854
