1737023886430 2.1901869331486523e-05 49
1737024046322 1.954694562300574e-05 99
1737024187447 1.9574656107579358e-05 149
1737024346507 1.901261020975653e-05 199
1737024509463 1.845476435846649e-05 249
1737024650790 1.8419288608129136e-05 299
1737024816287 1.835825969465077e-05 349
1737024973608 1.7776388631318696e-05 399
1737025114471 1.7670567103778012e-05 449
1737025277657 1.8482358427718282e-05 499
1737025421172 1.8108714357367717e-05 549
1737025580134 1.8529175576986745e-05 599
1737025737614 1.8283042663824745e-05 649
1737025877959 1.8133887351723388e-05 699
1737026039828 1.746632369759027e-05 749
1737026207595 1.799721758288797e-05 799
1737026352470 1.8073149476549588e-05 849
