1737023886430 0.2239956557750702 49
1737024046322 0.31835266947746277 99
1737024187447 0.32058143615722656 149
1737024346507 0.3636690378189087 199
1737024509463 0.39603549242019653 249
1737024650790 0.3974366784095764 299
1737024816287 0.4176672399044037 349
1737024973608 0.41820889711380005 399
1737025114471 0.41154539585113525 449
1737025277657 0.3999074697494507 499
1737025421172 0.42308706045150757 549
1737025580134 0.4265825152397156 599
1737025737614 0.43104806542396545 649
1737025877959 0.4307987093925476 699
1737026039828 0.43127602338790894 749
1737026207595 0.42662471532821655 799
1737026352470 0.4181687831878662 849
