1737023886430 0.33686667680740356 49
1737024046322 0.4478195309638977 99
1737024187447 0.46912166476249695 149
1737024346507 0.49986112117767334 199
1737024509463 0.5112630128860474 249
1737024650790 0.52557373046875 299
1737024816287 0.532300591468811 349
1737024973608 0.5454400181770325 399
1737025114471 0.5436248779296875 449
1737025277657 0.5442177653312683 499
1737025421172 0.5530177354812622 549
1737025580134 0.5488810539245605 599
1737025737614 0.5518250465393066 649
1737025877959 0.556509256362915 699
1737026039828 0.5610818266868591 749
1737026207595 0.5624873042106628 799
1737026352470 0.5565711259841919 849
