1737023886430 0.1954645812511444 49
1737024046322 0.27467185258865356 99
1737024187447 0.2620139718055725 149
1737024346507 0.30871427059173584 199
1737024509463 0.3425784707069397 249
1737024650790 0.3371630012989044 299
1737024816287 0.3640744090080261 349
1737024973608 0.36451250314712524 399
1737025114471 0.35944464802742004 449
1737025277657 0.33705681562423706 499
1737025421172 0.36618882417678833 549
1737025580134 0.3657684922218323 599
1737025737614 0.3739756941795349 649
1737025877959 0.37665507197380066 699
1737026039828 0.3761000335216522 749
1737026207595 0.3632310628890991 799
1737026352470 0.36084097623825073 849
