1736408632867 0 18
1736408663159 1 37
1736408677897 2 49
1736408690890 2 56
1736408719664 3 75
1736408748186 4 94
1736408760385 5 99
1736408786861 5 113
1736408818407 6 132
1736408841574 7 149
1736408856559 7 151
1736408893663 8 170
1736408925716 9 189
1736408939743 10 199
1736408955058 10 208
1736408993505 11 227
1736409027894 12 246
1736409036584 13 249
1736409056825 13 265
1736409086251 14 284
1736409102386 15 299
1736409115019 15 303
1736409148026 16 322
1736409176244 17 341
1736409188430 18 349
1736409207057 18 360
1736409238396 19 379
1736409266334 20 398
1736409277343 21 399
1736409305111 21 417
1736409343239 22 436
1736409358141 23 449
1736409371532 23 455
1736409399933 24 474
1736409428837 25 493
1736409438358 26 499
1736409458110 26 512
