1736410525103 0 18
1736410554325 1 37
1736410574134 2 49
1736410584394 2 56
1736410615974 3 75
1736410645933 4 94
1736410655081 5 99
1736410674596 5 113
1736410705288 6 132
1736410726912 7 149
1736410738324 7 151
1736410767200 8 170
1736410799105 9 189
1736410813051 10 199
1736410831057 10 208
1736410866231 11 227
1736410899038 12 246
1736410909783 13 249
1736410940756 13 265
1736410969614 14 284
1736410985554 15 299
1736410998456 15 303
1736411027003 16 322
1736411060119 17 341
1736411070347 18 349
1736411088927 18 360
1736411117670 19 379
1736411146564 20 398
1736411154101 21 399
1736411175064 21 417
1736411206107 22 436
1736411221383 23 449
1736411236706 23 455
1736411269511 24 474
1736411299409 25 493
1736411308675 26 499
1736411328523 26 512
1736411361723 27 531
1736411382684 28 549
1736411394195 28 550
1736411422596 29 569
1736411450991 30 588
1736411465316 31 599
1736411479340 31 607
1736411508678 32 626
1736411538026 33 645
1736411548165 34 649
1736411568451 34 664
1736411597406 35 683
1736411613622 36 699
1736411625634 36 702
1736411656368 37 721
1736411688115 38 740
1736411701375 39 749
1736411716801 39 759
1736411748917 40 778
1736411781431 41 797
1736411789558 42 799
1736411820245 42 816
1736411848718 43 835
1736411870577 44 849
1736411886922 44 854
1736411922693 45 873
1736411953237 46 892
1736411965565 47 899
1736411991418 47 911
1736412020700 48 930
1736412041965 49 949
1736412053420 49 949
