1736410574134 0.28691568970680237 49
1736410655081 0.40106847882270813 99
1736410726912 0.4414697289466858 149
1736410813051 0.4806901514530182 199
1736410909783 0.49563121795654297 249
1736410985554 0.5009545683860779 299
1736411070347 0.5159314870834351 349
1736411154101 0.5277584791183472 399
1736411221383 0.5388683080673218 449
1736411308675 0.5462921857833862 499
1736411382684 0.55672287940979 549
1736411465316 0.5595763921737671 599
1736411548165 0.5618726015090942 649
1736411613622 0.5649973154067993 699
1736411701375 0.5675598382949829 749
1736411789558 0.5745960474014282 799
1736411870577 0.576164722442627 849
1736411965565 0.577140212059021 899
1736412041965 0.5761537551879883 949
