1736410574134 2.3665226763114333e-05 49
1736410655081 2.066973684122786e-05 99
1736410726912 2.0055604181834497e-05 149
1736410813051 1.9358087229193188e-05 199
1736410909783 1.9270770280854777e-05 249
1736410985554 1.8749382434180006e-05 299
1736411070347 1.8542737961979583e-05 349
1736411154101 1.8356691725784913e-05 399
1736411221383 1.8233313312521204e-05 449
1736411308675 1.835142757045105e-05 499
1736411382684 1.7938835298991762e-05 549
1736411465316 1.776645876816474e-05 599
1736411548165 1.8038008420262486e-05 649
1736411613622 1.8567392544355243e-05 699
1736411701375 1.7931470210896805e-05 749
1736411789558 1.7586968169780448e-05 799
1736411870577 1.7266553186345845e-05 849
1736411965565 1.8104788978234865e-05 899
1736412041965 1.746650377754122e-05 949
