1736410574134 0.12138848751783371 49
1736410655081 0.21346542239189148 99
1736410726912 0.24577979743480682 149
1736410813051 0.3050381541252136 199
1736410909783 0.323986291885376 249
1736410985554 0.33341655135154724 299
1736411070347 0.33971133828163147 349
1736411154101 0.356353223323822 399
1736411221383 0.369514524936676 449
1736411308675 0.3785284161567688 499
1736411382684 0.3916926980018616 549
1736411465316 0.3824957609176636 599
1736411548165 0.40010055899620056 649
1736411613622 0.4038265645503998 699
1736411701375 0.401008278131485 749
1736411789558 0.4046872854232788 799
1736411870577 0.4061833918094635 849
1736411965565 0.4189431965351105 899
1736412041965 0.4177072048187256 949
