1736410574134 0.15514975786209106 49
1736410655081 0.25647082924842834 99
1736410726912 0.29781052470207214 149
1736410813051 0.353193998336792 199
1736410909783 0.37328803539276123 249
1736410985554 0.3845958709716797 299
1736411070347 0.38907402753829956 349
1736411154101 0.4114163815975189 399
1736411221383 0.4251056909561157 449
1736411308675 0.4316723942756653 499
1736411382684 0.4438754916191101 549
1736411465316 0.44047823548316956 599
1736411548165 0.4497225284576416 649
1736411613622 0.45563071966171265 699
1736411701375 0.45252853631973267 749
1736411789558 0.45783698558807373 799
1736411870577 0.46241989731788635 849
1736411965565 0.4730783998966217 899
1736412041965 0.47283950448036194 949
