1736397906916 0 18
1736397935346 1 37
1736397950239 2 49
1736397967301 2 56
1736397996579 3 75
1736398026268 4 94
1736398035844 5 99
1736398056233 5 113
1736398086364 6 132
1736398106334 7 149
1736398115040 7 151
1736398144061 8 170
1736398173857 9 189
1736398188015 10 199
1736398202783 10 208
1736398233554 11 227
1736398262954 12 246
1736398271526 13 249
1736398292466 13 265
1736398321302 14 284
1736398337582 15 299
1736398353493 15 303
1736398383503 16 322
1736398411987 17 341
1736398422590 18 349
1736398441598 18 360
1736398470937 19 379
1736398500869 20 398
1736398508707 21 399
1736398530096 21 417
1736398559244 22 436
1736398574547 23 449
1736398587577 23 455
1736398616228 24 474
1736398645387 25 493
1736398655250 26 499
1736398674365 26 512
1736398703439 27 531
1736398723531 28 549
1736398732058 28 550
1736398767902 29 569
1736398796896 30 588
1736398816963 31 599
1736398838240 31 607
1736398868059 32 626
1736398896179 33 645
1736398904807 34 649
1736398927040 34 664
1736398961932 35 683
1736398978744 36 699
1736398991112 36 702
1736399019697 37 721
1736399048155 38 740
1736399061792 39 749
1736399080449 39 759
1736399110486 40 778
1736399147631 41 797
1736399155531 42 799
1736399176391 42 816
1736399205390 43 835
1736399221132 44 849
1736399235043 44 854
1736399263880 45 873
1736399296298 46 892
1736399306116 47 899
1736399325231 47 911
1736399354674 48 930
1736399375538 49 949
1736399383548 49 949
