1736397950239 2.25810563279083e-05 49
1736398035844 2.1451854991028085e-05 99
1736398106334 2.058103018498514e-05 149
1736398188015 2.0850702640018426e-05 199
1736398271526 1.9004621208296157e-05 249
1736398337582 1.8840133634512313e-05 299
1736398422590 1.9558608983061276e-05 349
1736398508707 1.8675353203434497e-05 399
1736398574547 1.7913009287440218e-05 449
1736398655250 1.865320336946752e-05 499
1736398723531 1.8414564692648128e-05 549
1736398816963 1.8278267816640437e-05 599
1736398904807 1.8207272660220042e-05 649
1736398978744 1.7773587387637235e-05 699
1736399061792 1.7661684978520498e-05 749
1736399155531 1.8299357179785147e-05 799
1736399221132 1.785270251275506e-05 849
1736399306116 1.7563050278113224e-05 899
1736399375538 1.722566048556473e-05 949
