1736397950239 0.17352330684661865 49
1736398035844 0.23776912689208984 99
1736398106334 0.26481157541275024 149
1736398188015 0.33698296546936035 199
1736398271526 0.35875940322875977 249
1736398337582 0.3791842460632324 299
1736398422590 0.40476346015930176 349
1736398508707 0.4052673578262329 399
1736398574547 0.4171702265739441 449
1736398655250 0.42844337224960327 499
1736398723531 0.42812854051589966 549
1736398816963 0.4459417164325714 599
1736398904807 0.43734222650527954 649
1736398978744 0.4525488615036011 699
1736399061792 0.44855618476867676 749
1736399155531 0.4565420150756836 799
1736399221132 0.46215662360191345 849
1736399306116 0.4552583396434784 899
1736399375538 0.46291518211364746 949
