1736397950239 0.32499954104423523 49
1736398035844 0.35482552647590637 99
1736398106334 0.39596909284591675 149
1736398188015 0.4626372754573822 199
1736398271526 0.4872177243232727 249
1736398337582 0.5076724290847778 299
1736398422590 0.5216982960700989 349
1736398508707 0.5275087952613831 399
1736398574547 0.5446595549583435 449
1736398655250 0.5448404550552368 499
1736398723531 0.5432816743850708 549
1736398816963 0.5576620101928711 599
1736398904807 0.5571361184120178 649
1736398978744 0.5675240755081177 699
1736399061792 0.565900444984436 749
1736399155531 0.5672662258148193 799
1736399221132 0.5714631080627441 849
1736399306116 0.5736004114151001 899
1736399375538 0.5768157243728638 949
