1736397950239 0.13081885874271393 49
1736398035844 0.19560660421848297 99
1736398106334 0.22878262400627136 149
1736398188015 0.28916215896606445 199
1736398271526 0.3105173110961914 249
1736398337582 0.32985275983810425 299
1736398422590 0.35662418603897095 349
1736398508707 0.36459773778915405 399
1736398574547 0.37267133593559265 449
1736398655250 0.38671618700027466 499
1736398723531 0.38422125577926636 549
1736398816963 0.4037235975265503 599
1736398904807 0.39357221126556396 649
1736398978744 0.40812116861343384 699
1736399061792 0.4046100974082947 749
1736399155531 0.40925437211990356 799
1736399221132 0.41483843326568604 849
1736399306116 0.41558337211608887 899
1736399375538 0.41521745920181274 949
